1,facebook.com/,9616487,1688316928,9.539999961853027,9.34000015258789,false
13,flickr.com/,1358104,286854672,8.520000457763672,8.529999732971191,false
14,pinterest.com/,1352927,513534580,8.65999984741211,8.510000228881836,false
15,tumblr.com/,1191345,171050344,8.40999984741211,8.279999732971191,false
21,youtu.be/,931333,31773658,8.399999618530273,8.399999618530273,false
22,qq.com/,914585,407320696,8.529999732971191,7.389999866485596,false
16,w3.org/,1177374,227633136,8.5600004196167,8.890000343322754,false
23,digg.com/,905105,127111890,8.109999656677246,8.020000457763672,false
17,apple.com/,1117304,102599219,8.8100004196167,9.0,false
25,stumbleupon.com/,768871,101628767,7.909999847412109,7.849999904632568,false
18,myspace.com/,1013453,83924316,8.170000076293945,8.0600004196167,false
27,statcounter.com/,697543,123794390,8.430000305175781,8.25,false
29,miibeian.gov.cn/,674946,160119366,8.449999809265137,7.480000019073486,false
19,vimeo.com/,999016,57480848,8.479999542236328,8.420000076293945,false
30,delicious.com/,665158,81045411,7.760000228881836,7.739999771118164,false
20,microsoft.com/,956181,91152514,8.819999694824219,8.789999961853027,false
32,reddit.com/,659163,84400132,7.869999885559082,7.860000133514404,false
34,bbc.co.uk/,608371,43901583,8.029999732971191,8.819999694824219,false
12,amazon.com/,1484676,292923679,8.520000457763672,8.529999732971191,false
11,yahoo.com/,1861842,238957145,8.59000015258789,8.569999694824219,false
10,wordpress.com/,2340965,569397042,8.649999618530273,8.600000381469727,false
40,gov.uk/,533738,31391913,8.239999771118164,8.859999656677246,false
41,icio.us/,513113,92736579,7.840000152587891,7.809999942779541,false
42,yandex.ru/,510610,117319584,8.069999694824219,7.440000057220459,false
9,linkedin.com/,2435569,327700219,8.949999809265137,8.8100004196167,false
44,webs.com/,463594,55305097,7.559999942779541,7.650000095367432,false
46,t.co/,445071,175358572,8.149999618530273,8.09000015258789,false
8,wikipedia.org/,2917053,206217734,8.829999923706055,8.720000267028809,false
7,blogspot.com/,3073493,793032047,8.770000457763672,8.710000038146973,false
6,adobe.com/,3498190,232289315,9.300000190734863,9.270000457763672,false
49,mail.ru/,428919,108904341,8.029999732971191,7.380000114440918,false
50,jimdo.com/,419979,21621778,7.849999904632568,7.380000114440918,false
52,go.com/,406541,21552837,8.069999694824219,8.829999923706055,false
5,wordpress.org/,4051288,361023992,8.989999771118164,8.710000038146973,false
4,youtube.com/,5442206,841281214,9.25,9.109999656677246,false
3,google.com/,5868081,807173458,9.300000190734863,9.270000457763672,false
2,twitter.com/,6454936,2147483647,9.399999618530273,9.25,false
56,fc2.com/,388560,106938117,7.929999828338623,7.369999885559082,false
55,google.co.jp/,393238,19353933,8.460000038146973,7.909999847412109,false
54,vk.com/,396291,71671734,8.050000190734863,7.420000076293945,false
59,creativecommons.org/,382586,66038658,8.039999961853027,8.869999885559082,false
53,tinyurl.com/,398076,16197448,7.78000020980835,7.96999979019165,false
51,sourceforge.net/,412498,44351146,8.140000343322754,8.3100004196167,false
48,imdb.com/,433215,29004965,7.800000190734863,7.840000152587891,false
47,livejournal.com/,434851,55768827,7.610000133514404,7.440000057220459,false
64,hugedomains.com/,364300,7401261,7.010000228881836,6.690000057220459,false
65,about.com/,354571,6204472,7.659999847412109,7.880000114440918,false
45,google.de/,452798,13372370,8.140000343322754,7.599999904632568,false
43,cnn.com/,490831,28875790,8.109999656677246,8.84000015258789,false
39,instagram.com/,569173,156894714,8.479999542236328,8.279999732971191,false
38,goo.gl/,573634,38032879,8.350000381469727,8.220000267028809,false
37,macromedia.com/,581872,20516422,8.489999771118164,8.350000381469727,false
36,msn.com/,601495,42688029,7.960000038146973,8.079999923706055,false
35,blogger.com/,603375,673647918,8.130000114440918,7.929999828338623,false
33,weebly.com/,608475,39488913,7.96999979019165,7.949999809265137,false
74,ebay.com/,338606,70884780,7.800000190734863,7.739999771118164,false
75,ameblo.jp/,338198,31464210,8.149999618530273,7.480000019073486,false
77,europa.eu/,332321,32009106,8.09000015258789,8.850000381469727,false
31,nytimes.com/,661330,36096015,8.260000228881836,8.880000114440918,false
28,feedburner.com/,685268,244409098,8.260000228881836,8.15999984741211,false
79,bing.com/,323458,30513174,7.760000228881836,7.75,false
80,rambler.ru/,316004,100477863,8.010000228881836,7.340000152587891,false
26,addthis.com/,752346,201250339,8.569999694824219,8.510000228881836,false
24,baidu.com/,803865,102802784,8.5600004196167,7.329999923706055,false
83,godaddy.com/,311744,8723318,7.880000114440918,7.659999847412109,false
82,tripod.com/,315118,15948996,7.360000133514404,7.659999847412109,false
85,gnu.org/,298211,31671936,7.900000095367432,8.789999961853027,false
81,guardian.co.uk/,315854,11849904,7.789999961853027,8.789999961853027,false
78,taobao.com/,323934,100188348,7.960000038146973,6.920000076293945,false
76,wsj.com/,332935,23717790,7.960000038146973,8.100000381469727,false
73,aol.com/,339001,36113137,7.710000038146973,8.779999732971191,false
89,mapquest.com/,289287,11773366,7.909999847412109,8.079999923706055,false
90,washingtonpost.com/,283483,14668127,7.920000076293945,8.819999694824219,false
72,51.la/,341122,81419920,8.390000343322754,7.670000076293945,false
71,mozilla.org/,341451,19328736,8.119999885559082,8.8100004196167,false
70,google.co.uk/,342541,9841274,8.25,7.929999828338623,false
69,huffingtonpost.com/,345814,53967497,8.050000190734863,8.109999656677246,false
68,nih.gov/,345997,53897929,7.929999828338623,8.850000381469727,false
67,yahoo.co.jp/,349190,42321216,8.100000381469727,7.539999961853027,false
66,theguardian.com/,351236,16315917,7.559999942779541,8.130000114440918,false
98,etsy.com/,256046,17263594,7.579999923706055,7.480000019073486,false
99,amazon.co.uk/,252934,27713985,7.710000038146973,7.670000076293945,false
101,soundcloud.com/,251167,15559038,7.659999847412109,7.539999961853027,false
103,yelp.com/,247096,9804411,7.909999847412109,7.809999942779541,false
102,usatoday.com/,249619,12142645,7.96999979019165,8.079999923706055,false
63,sina.com.cn/,368032,49106201,8.010000228881836,7.25,false
62,technorati.com/,369852,101252233,7.579999923706055,7.579999923706055,false
106,telegraph.co.uk/,236491,6349059,7.590000152587891,7.71999979019165,false
107,archive.org/,235999,17355297,7.900000095367432,7.949999809265137,false
108,google.fr/,232222,9109219,7.860000133514404,7.539999961853027,false
61,networkadvertising.org/,376286,1599785,8.479999542236328,8.239999771118164,false
110,phoca.cz/,229458,7283394,7.699999809265137,7.449999809265137,false
60,typepad.com/,380369,70664322,7.760000228881836,7.909999847412109,false
113,e-recht24.de/,220848,878538,7.760000228881836,7.130000114440918,false
112,latimes.com/,223337,7265084,7.630000114440918,8.779999732971191,false
58,joomla.org/,382936,49473107,8.0,7.760000228881836,false
57,free.fr/,386997,16426445,7.679999828338623,7.599999904632568,false
115,amazon.de/,217431,36971612,7.650000095367432,7.360000133514404,false
117,miitbeian.gov.cn/,215313,53741321,8.010000228881836,6.889999866485596,false
118,php.net/,214735,25505157,7.730000019073486,8.770000457763672,false
114,rakuten.co.jp/,219139,70767992,7.829999923706055,7.260000228881836,false
120,bbb.org/,210694,18802590,7.940000057220459,8.039999961853027,false
111,phpbb.com/,227049,89429333,7.670000076293945,7.5,false
122,ning.com/,210355,22521866,7.389999866485596,7.599999904632568,false
109,constantcontact.com/,231892,28765408,7.949999809265137,8.15999984741211,false
123,dailymail.co.uk/,206253,5004333,7.5,7.610000133514404,false
104,cnet.com/,245377,9838957,7.730000019073486,7.809999942779541,false
125,sohu.com/,205714,18837471,7.710000038146973,6.909999847412109,false
127,deviantart.com/,202213,9483925,7.389999866485596,7.25,false
128,mit.edu/,201473,54476997,7.53000020980835,8.779999732971191,false
105,posterous.com/,241076,27204776,7.170000076293945,7.239999771118164,false
129,sakura.ne.jp/,201217,15344261,7.449999809265137,7.039999961853027,false
130,altervista.org/,200048,7842428,7.090000152587891,6.989999771118164,false
132,time.com/,198493,6916358,7.860000133514404,7.940000057220459,false
133,google.it/,197918,5200361,7.78000020980835,7.289999961853027,false
134,stanford.edu/,196722,6535502,7.639999866485596,8.789999961853027,false
136,alibaba.com/,195849,62390115,7.639999866485596,7.150000095367432,false
100,dailymotion.com/,251441,11331661,7.590000152587891,7.559999942779541,false
137,squidoo.com/,194545,6793387,6.96999979019165,7.050000190734863,false
138,harvard.edu/,193484,59027727,7.579999923706055,8.789999961853027,false
97,weibo.com/,258999,89685531,8.130000114440918,7.489999771118164,false
96,clickbank.net/,260470,21683700,7.570000171661377,7.25,false
95,forbes.com/,265690,9092545,7.860000133514404,7.980000019073486,false
143,ca.gov/,188133,7062258,7.639999866485596,8.8100004196167,false
142,npr.org/,188207,9227042,7.570000171661377,7.920000076293945,false
94,photobucket.com/,270116,23530471,7.550000190734863,7.53000020980835,false
145,wired.com/,183893,7265297,7.610000133514404,8.770000457763672,false
93,163.com/,270754,30886737,7.860000133514404,7.099999904632568,false
147,nbcnews.com/,182052,5234778,7.25,7.539999961853027,false
148,blog.com/,178844,8686950,6.829999923706055,6.880000114440918,false
92,reuters.com/,273394,16879524,7.829999923706055,7.960000038146973,false
150,bloomberg.com/,177788,10009708,7.639999866485596,8.779999732971191,false
91,homestead.com/,276468,4580345,7.920000076293945,7.849999904632568,false
152,blinklist.com/,173892,19441387,6.670000076293945,6.760000228881836,false
153,imageshack.us/,173702,12827192,7.230000019073486,7.119999885559082,false
88,wix.com/,292926,6783420,7.900000095367432,7.71999979019165,false
155,hatena.ne.jp/,172914,44292537,7.800000190734863,7.480000019073486,false
87,slideshare.net/,293873,14030026,7.889999866485596,7.900000095367432,false
157,angelfire.com/,170142,4334150,7.090000152587891,7.400000095367432,false
158,google.es/,169615,5878169,7.679999828338623,7.360000133514404,false
86,geocities.com/,296004,10387385,7.489999771118164,7.820000171661377,false
159,ocn.ne.jp/,169449,5406360,7.710000038146973,7.230000019073486,false
161,dedecms.com/,164753,19344639,8.0600004196167,6.550000190734863,false
162,google.ca/,163974,5385241,7.699999809265137,7.650000095367432,false
163,a8.net/,163929,21574243,7.78000020980835,7.289999961853027,false
84,issuu.com/,302711,22808998,7.96999979019165,7.96999979019165,false
165,pbs.org/,163249,4822776,7.440000057220459,8.779999732971191,false
164,weather.com/,163646,9117332,7.489999771118164,7.769999980926514,false
167,cpanel.net/,162584,1930665,8.199999809265137,8.0600004196167,false
168,prweb.com/,162414,3833763,7.409999847412109,7.570000171661377,false
166,ibm.com/,162942,5934952,7.739999771118164,8.800000190734863,false
169,bandcamp.com/,160788,7649389,7.510000228881836,7.389999866485596,false
170,barnesandnoble.com/,160678,9622548,7.570000171661377,8.770000457763672,false
160,over-blog.com/,169231,9724074,7.139999866485596,7.019999980926514,false
156,nifty.com/,172614,7286751,7.570000171661377,7.199999809265137,false
154,kickstarter.com/,172933,3438854,7.46999979019165,7.46999979019165,false
174,comsenz.com/,157467,78582473,7.679999828338623,6.739999771118164,false
176,cbsnews.com/,156484,9206800,7.519999980926514,7.809999942779541,false
177,foxnews.com/,156430,9435552,7.369999885559082,7.710000038146973,false
178,discuz.net/,155197,72223343,7.670000076293945,6.679999828338623,false
151,narod.ru/,174190,8305260,7.119999885559082,7.039999961853027,false
179,eepurl.com/,154150,16899649,7.71999979019165,7.739999771118164,false
180,businessweek.com/,154065,5871726,7.550000190734863,7.809999942779541,false
182,newsvine.com/,153432,17131157,7.0,7.139999866485596,false
183,bluehost.com/,152620,33728641,7.150000095367432,7.079999923706055,false
149,amazonaws.com/,177948,66237479,8.0,7.929999828338623,false
146,amazon.co.jp/,183522,124838362,7.789999961853027,7.320000171661377,false
185,loc.gov/,149433,5545525,7.550000190734863,8.8100004196167,false
187,apache.org/,148317,11656145,7.829999923706055,8.789999961853027,false
188,mashable.com/,148286,5447987,7.880000114440918,7.78000020980835,false
144,eventbrite.com/,187663,8611300,8.079999923706055,8.079999923706055,false
190,nationalgeographic.com/,147467,4407291,7.46999979019165,8.770000457763672,false
141,nasa.gov/,188916,7920214,7.570000171661377,8.789999961853027,false
192,tripadvisor.com/,146511,12365383,7.760000228881836,7.769999980926514,false
193,ted.com/,146015,2860406,7.349999904632568,7.559999942779541,false
194,sfgate.com/,145387,3209912,7.800000190734863,7.869999885559082,false
189,usda.gov/,148045,5211500,7.559999942779541,8.819999694824219,false
195,biglobe.ne.jp/,144348,4202675,7.380000114440918,7.010000228881836,false
198,oracle.com/,143009,39828721,7.659999847412109,8.779999732971191,false
196,epa.gov/,144058,4771366,7.619999885559082,8.829999923706055,false
197,vkontakte.ru/,143305,24716481,7.659999847412109,7.059999942779541,false
199,seesaa.net/,141048,14381400,7.340000152587891,6.869999885559082,false
200,examiner.com/,139417,3887165,7.340000152587891,7.599999904632568,false
202,hp.com/,137957,4133451,7.579999923706055,7.730000019073486,false
203,nps.gov/,136108,3288457,7.400000095367432,8.020000457763672,false
204,disqus.com/,135958,53040154,7.760000228881836,7.769999980926514,false
205,alexa.com/,135134,17948216,7.329999923706055,7.139999866485596,false
140,histats.com/,190445,78342830,7.820000171661377,7.369999885559082,false
207,house.gov/,134099,5350792,7.480000019073486,8.8100004196167,false
208,sphinn.com/,133694,9585212,6.110000133514404,6.340000152587891,false
139,gravatar.com/,193199,9452885,7.139999866485596,7.0,false
210,techcrunch.com/,132473,8561418,8.010000228881836,7.849999904632568,false
211,un.org/,132366,6252112,7.539999961853027,8.800000190734863,false
212,squarespace.com/,131845,10497277,7.5,7.539999961853027,false
213,icq.com/,131731,34833786,7.329999923706055,7.0,false
214,freewebs.com/,130839,6000636,6.980000019073486,7.159999847412109,false
215,ezinearticles.com/,129285,2797634,7.059999942779541,7.070000171661377,false
216,ucoz.ru/,129037,19377981,7.139999866485596,6.519999980926514,false
218,mediafire.com/,127225,6728189,7.119999885559082,6.980000019073486,false
217,independent.co.uk/,128625,3613863,7.329999923706055,7.519999980926514,false
135,live.com/,196212,12598138,7.650000095367432,7.590000152587891,false
220,google.nl/,126823,3552896,7.559999942779541,7.130000114440918,false
221,reverbnation.com/,126260,3326680,7.289999961853027,7.239999771118164,false
222,imgur.com/,125845,5914644,7.300000190734863,7.28000020980835,false
223,irs.gov/,124901,4366018,7.53000020980835,8.0600004196167,false
131,addtoany.com/,198591,66825820,7.71999979019165,7.639999866485596,false
126,wikimedia.org/,202551,5147586,7.460000038146973,7.590000152587891,false
124,cdc.gov/,206195,5347645,7.71999979019165,8.220000267028809,false
227,who.int/,124267,3415532,7.579999923706055,8.789999961853027,false
121,parallels.com/,210436,4662450,8.270000457763672,8.0,false
228,soup.io/,124197,19596170,6.389999866485596,6.449999809265137,false
229,cloudflare.com/,123350,10446113,7.829999923706055,7.78000020980835,false
231,ustream.tv/,123032,4155203,7.869999885559082,7.849999904632568,false
232,senate.gov/,122444,4509678,7.420000076293945,8.800000190734863,false
233,cbslocal.com/,121697,4252187,7.400000095367432,7.679999828338623,false
119,scribd.com/,211856,8777239,7.5,7.699999809265137,false
235,opensource.org/,120443,1269471,7.449999809265137,8.75,false
236,spiegel.de/,119840,8625076,7.230000019073486,7.360000133514404,false
237,oaic.gov.au/,119512,188509,7.550000190734863,7.550000190734863,false
238,nature.com/,119401,4842073,7.320000171661377,7.730000019073486,false
116,opera.com/,216520,10226206,7.869999885559082,7.670000076293945,false
240,drupal.org/,118806,17967867,7.650000095367432,7.630000114440918,false
239,businessinsider.com/,118863,3304103,7.610000133514404,7.650000095367432,false
242,privacy.gov.au/,118649,172561,7.489999771118164,7.590000152587891,false
243,skype.com/,118635,3583321,7.329999923706055,7.289999961853027,false
234,ycombinator.com/,120945,9565424,6.769999980926514,6.900000095367432,false
230,people.com.cn/,123274,12802409,7.480000019073486,6.989999771118164,false
226,bizjournals.com/,124281,3421363,7.579999923706055,7.829999923706055,false
247,youku.com/,116294,11090882,7.559999942779541,6.989999771118164,false
248,gmpg.org/,115870,4596398,7.25,7.170000076293945,false
225,wunderground.com/,124301,7739254,7.429999828338623,7.760000228881836,false
250,redcross.org/,115060,2256793,7.46999979019165,7.869999885559082,false
224,webnode.com/,124829,4663549,6.730000019073486,6.730000019073486,false
252,cbc.ca/,114797,3761729,7.25,7.550000190734863,false
253,umich.edu/,114414,3014544,7.389999866485596,8.779999732971191,false
219,xinhuanet.com/,127092,8535026,7.46999979019165,7.260000228881836,false
254,jugem.jp/,114194,23584004,7.429999828338623,6.820000171661377,false
256,google.com.br/,114074,3293426,7.449999809265137,7.050000190734863,false
257,ifeng.com/,113848,6053124,7.449999809265137,6.789999961853027,false
258,mac.com/,112964,1797202,7.28000020980835,7.429999828338623,false
209,boston.com/,132729,3545713,7.360000133514404,7.699999809265137,false
260,discovery.com/,112048,4197889,7.25,7.559999942779541,false
261,topsy.com/,111516,2308857,7.579999923706055,7.429999828338623,false
262,paypal.com/,111317,3077166,7.71999979019165,7.519999980926514,false
263,google.cn/,111241,6862626,7.539999961853027,6.71999979019165,false
206,mysql.com/,134686,19461484,7.480000019073486,8.760000228881836,false
264,surveymonkey.com/,111002,3171497,7.75,8.020000457763672,false
266,dropbox.com/,110543,2581527,7.400000095367432,7.510000228881836,false
267,exblog.jp/,110455,8431838,7.449999809265137,6.869999885559082,false
268,google.pl/,109752,2885165,7.519999980926514,6.900000095367432,false
201,cornell.edu/,139100,4107172,7.449999809265137,8.800000190734863,false
269,prnewswire.com/,109737,2784207,7.590000152587891,8.039999961853027,false
271,uol.com.br/,109095,12028776,7.159999847412109,7.179999828338623,false
272,behance.net/,108626,7330223,7.5,7.230000019073486,false
273,goodreads.com/,108599,15725239,7.099999904632568,7.21999979019165,false
191,whitehouse.gov/,147250,6478924,7.690000057220459,8.899999618530273,false
274,netvibes.com/,108532,11687055,7.21999979019165,7.28000020980835,false
276,marketwatch.com/,108447,5734179,7.440000057220459,7.630000114440918,false
277,ed.gov/,108378,5041273,7.440000057220459,8.8100004196167,false
278,networksolutions.com/,108362,2290505,7.519999980926514,7.599999904632568,false
186,yolasite.com/,148514,6719757,6.869999885559082,7.050000190734863,false
279,state.gov/,108345,3369097,7.480000019073486,8.800000190734863,false
281,liveinternet.ru/,107034,76528863,7.409999847412109,6.769999980926514,false
282,ftc.gov/,106504,1796120,7.670000076293945,8.789999961853027,false
283,census.gov/,105404,2408814,7.320000171661377,7.940000057220459,false
184,geocities.jp/,150108,6303744,7.46999979019165,7.079999923706055,false
284,quantcast.com/,105210,26577892,7.610000133514404,7.5,false
285,economist.com/,105010,2825394,7.320000171661377,8.760000228881836,false
287,zdnet.com/,104143,6557703,7.460000038146973,7.599999904632568,false
288,cafepress.com/,104086,19886037,7.360000133514404,7.480000019073486,false
181,berkeley.edu/,153895,4770893,7.449999809265137,8.779999732971191,false
289,ow.ly/,104051,6304674,7.309999942779541,7.489999771118164,false
290,meetup.com/,103675,6706540,7.789999961853027,7.730000019073486,false
292,chicagotribune.com/,103288,3299534,7.320000171661377,7.650000095367432,false
293,theatlantic.com/,103115,5194634,7.28000020980835,7.650000095367432,false
175,xrea.com/,156864,14235557,7.630000114440918,7.25,false
294,google.com.au/,102950,2753284,7.539999961853027,7.340000152587891,false
296,skyrock.com/,102499,3512010,6.71999979019165,6.619999885559082,false
297,list-manage.com/,102037,6488371,7.460000038146973,7.610000133514404,false
298,pagesperso-orange.fr/,101285,2048677,6.900000095367432,6.809999942779541,false
173,goo.ne.jp/,157533,9835727,7.489999771118164,7.019999980926514,false
172,noaa.gov/,159924,12132454,7.539999961853027,8.8100004196167,false
301,ehow.com/,100454,1067601,7.670000076293945,7.639999866485596,false
302,patch.com/,100383,2004088,7.210000038146973,7.550000190734863,false
303,upenn.edu/,100159,2277371,7.25,8.770000457763672,false
171,mozilla.com/,160080,7139167,7.820000171661377,7.869999885559082,false
305,diigo.com/,98976,8969127,7.010000228881836,7.050000190734863,false
304,engadget.com/,99888,14715683,7.25,7.300000190734863,false
307,slashdot.org/,98758,8988024,7.059999942779541,8.75,false
308,washington.edu/,98714,2851295,7.28000020980835,8.779999732971191,false
300,friendfeed.com/,100973,11429803,7.03000020980835,6.960000038146973,false
310,nhs.uk/,97665,4305223,7.320000171661377,7.429999828338623,false
299,cdbaby.com/,100996,3288971,7.269999980926514,7.28000020980835,false
295,1688.com/,102696,89989820,7.099999904632568,5.840000152587891,false
291,netscape.com/,103391,5421554,7.539999961853027,7.71999979019165,false
286,nydailynews.com/,104242,2870819,7.239999771118164,7.519999980926514,false
314,yale.edu/,97193,2787056,7.239999771118164,8.770000457763672,false
316,bigcartel.com/,96876,5395103,7.5,7.21999979019165,false
317,ucla.edu/,96730,2121966,7.210000038146973,8.779999732971191,false
318,usgs.gov/,96572,3317732,7.289999961853027,7.929999828338623,false
280,sitemeter.com/,107454,38583583,7.480000019073486,7.46999979019165,false
319,jigsy.com/,95456,3137068,6.21999979019165,6.300000190734863,false
321,hubpages.com/,94639,2002592,6.699999809265137,6.809999942779541,false
322,slate.com/,94052,4303285,7.21999979019165,7.539999961853027,false
323,purevolume.com/,93786,6959186,6.300000190734863,6.309999942779541,false
275,auda.org.au/,108454,146625,7.400000095367432,7.010000228881836,false
324,umn.edu/,93718,38330496,7.239999771118164,7.829999923706055,false
326,so-net.ne.jp/,93497,3500432,7.25,6.849999904632568,false
327,wikispaces.com/,93102,2485986,6.889999866485596,7.349999904632568,false
328,cargocollective.com/,92620,2964195,8.15999984741211,7.46999979019165,false
270,ft.com/,109193,5489250,7.429999828338623,8.760000228881836,false
329,howstuffworks.com/,92388,1133711,7.070000171661377,7.409999847412109,false
330,plala.or.jp/,92183,2054367,7.230000019073486,6.820000171661377,false
332,jiathis.com/,91574,17281611,7.619999885559082,6.610000133514404,false
333,usnews.com/,91367,3621847,7.230000019073486,7.619999885559082,false
265,moonfruit.com/,110712,2223790,6.929999828338623,6.800000190734863,false
334,xing.com/,91158,5445336,7.349999904632568,6.989999771118164,false
336,desdev.cn/,90934,5143768,7.75,6.210000038146973,false
337,hc360.com/,90917,21273449,7.349999904632568,6.360000133514404,false
338,usa.gov/,90526,11819335,7.5,8.890000343322754,false
339,edublogs.org/,90311,3511078,6.5,6.869999885559082,false
340,lycos.com/,90200,4206059,7.230000019073486,7.340000152587891,false
341,wisc.edu/,90138,1919233,7.269999980926514,8.770000457763672,false
342,thetimes.co.uk/,90006,2251593,6.809999942779541,7.03000020980835,false
343,state.tx.us/,89419,4442852,7.28000020980835,7.849999904632568,false
344,example.com/,89278,1346413,7.400000095367432,7.440000057220459,false
345,shareasale.com/,88819,23775800,7.190000057220459,7.0,false
346,biblegateway.com/,88797,9399903,6.989999771118164,6.96999979019165,false
348,yellowbook.com/,88301,572658,7.28000020980835,6.900000095367432,false
347,is.gd/,88578,2096667,6.789999961853027,7.0,false
349,samsung.com/,88025,4279901,7.389999866485596,7.400000095367432,false
259,wiley.com/,112311,5016689,7.5,7.880000114440918,false
255,shinystat.com/,114085,13072321,7.639999866485596,7.110000133514404,false
352,dion.ne.jp/,87693,1723931,7.210000038146973,6.800000190734863,false
353,dagondesign.com/,87426,147886,7.199999809265137,6.960000038146973,false
354,theglobeandmail.com/,87261,3264286,7.190000057220459,7.449999809265137,false
251,github.com/,114937,8191907,8.170000076293945,7.989999771118164,false
356,storify.com/,87127,1973278,7.170000076293945,7.510000228881836,false
357,salon.com/,87000,3979955,7.079999923706055,7.440000057220459,false
358,ucoz.com/,86511,2753066,6.519999980926514,6.210000038146973,false
249,fda.gov/,115547,3462329,7.559999942779541,7.920000076293945,false
360,psu.edu/,85950,4747705,7.260000228881836,8.770000457763672,false
361,smh.com.au/,85790,5712696,7.159999847412109,7.380000114440918,false
362,reference.com/,85738,2981412,6.889999866485596,7.190000057220459,false
363,sun.com/,85571,4063986,7.619999885559082,7.809999942779541,false
246,webmd.com/,117164,5952095,7.260000228881836,7.519999980926514,false
365,devhub.com/,84481,5609478,6.139999866485596,6.179999828338623,false
366,artisteer.com/,84326,6546910,7.269999980926514,6.980000019073486,false
367,unesco.org/,84266,3526037,7.289999961853027,7.800000190734863,false
368,istockphoto.com/,83823,3674004,7.199999809265137,7.070000171661377,false
245,about.me/,117516,4588406,7.28000020980835,7.239999771118164,false
370,trellian.com/,83343,1428534,5.559999942779541,5.389999866485596,false
371,cocolog-nifty.com/,83321,6322729,7.710000038146973,7.46999979019165,false
372,i2i.jp/,83302,6367048,7.440000057220459,6.96999979019165,false
373,t-online.de/,83074,4391754,7.099999904632568,6.920000076293945,false
244,wikia.com/,117873,3665919,7.139999866485596,7.289999961853027,false
375,1und1.de/,82622,4188918,7.25,6.480000019073486,false
376,ebay.co.uk/,82534,3960358,7.159999847412109,6.940000057220459,false
378,paginegialle.it/,81828,2029877,7.269999980926514,6.079999923706055,false
379,ask.com/,81575,5707614,7.670000076293945,7.599999904632568,false
377,sciencedaily.com/,82164,12643476,7.079999923706055,7.480000019073486,false
380,springer.com/,81519,3677335,7.480000019073486,7.849999904632568,false
381,canalblog.com/,81428,9239671,6.869999885559082,6.710000038146973,false
383,de.vu/,80972,1453112,6.800000190734863,6.550000190734863,false
382,timesonline.co.uk/,81193,1548645,7.070000171661377,7.329999923706055,false
384,deliciousdays.com/,80699,1725562,7.320000171661377,7.190000057220459,false
385,smugmug.com/,80410,6616728,7.199999809265137,7.369999885559082,false
386,wufoo.com/,80192,2252923,7.559999942779541,7.610000133514404,false
387,globo.com/,79975,5387382,7.099999904632568,7.179999828338623,false
388,cmu.edu/,79857,1824266,7.269999980926514,7.659999847412109,false
389,domainmarket.com/,79798,1150494,7.699999809265137,7.349999904632568,false
390,odnoklassniki.ru/,79413,14638902,7.210000038146973,6.699999809265137,false
391,twitpic.com/,79055,2667846,7.010000228881836,7.130000114440918,false
393,home.pl/,78923,3610815,7.190000057220459,6.639999866485596,false
392,ovh.net/,78994,1476064,7.429999828338623,7.239999771118164,false
394,naver.com/,78884,13789030,7.400000095367432,7.079999923706055,false
395,google.ru/,78828,6773131,7.389999866485596,6.900000095367432,false
396,si.edu/,78754,2274757,7.199999809265137,8.770000457763672,false
398,blogs.com/,78563,7024641,7.019999980926514,7.230000019073486,false
397,newyorker.com/,78597,2370228,7.190000057220459,7.449999809265137,false
399,sciencedirect.com/,78436,3224822,7.429999828338623,7.860000133514404,false
400,hibu.com/,78042,2361867,7.369999885559082,6.789999961853027,false
241,last.fm/,118695,19853529,7.21999979019165,7.190000057220459,false
402,hhs.gov/,77916,6714696,7.420000076293945,8.819999694824219,false
403,dmoz.org/,77783,4631248,7.170000076293945,7.329999923706055,false
401,hud.gov/,78018,3289466,7.21999979019165,8.779999732971191,false
404,dot.gov/,77669,2829568,7.329999923706055,8.800000190734863,false
406,google.com.hk/,77165,7525668,7.360000133514404,6.75,false
407,jalbum.net/,76984,11064772,7.269999980926514,7.090000152587891,false
408,craigslist.org/,76959,3861559,6.989999771118164,7.239999771118164,false
374,intel.com/,83060,3866540,7.460000038146973,8.760000228881836,false
410,chronoengine.com/,76788,1070826,7.440000057220459,7.289999961853027,false
411,cnbc.com/,76720,2505224,7.320000171661377,7.599999904632568,false
412,uiuc.edu/,76713,1264955,7.119999885559082,7.670000076293945,false
413,vistaprint.com/,76334,1537163,6.340000152587891,6.369999885559082,false
369,answers.com/,83699,5345002,6.900000095367432,7.199999809265137,false
415,prlog.org/,75871,1281336,6.800000190734863,6.960000038146973,false
416,360.cn/,75800,11786751,7.429999828338623,6.429999828338623,false
417,indiatimes.com/,75794,3237670,7.130000114440918,8.75,false
418,mtv.com/,75617,3254307,7.159999847412109,7.269999980926514,false
364,unicef.org/,84724,1602981,7.199999809265137,7.590000152587891,false
420,java.com/,75163,1800590,7.570000171661377,7.650000095367432,false
421,cisco.com/,75021,2646928,7.429999828338623,8.760000228881836,false
423,4shared.com/,74895,4595342,6.690000057220459,6.71999979019165,false
422,japanpost.jp/,74945,1139801,7.710000038146973,7.179999828338623,false
424,github.io/,74780,2827339,7.320000171661377,7.369999885559082,false
359,gizmodo.com/,86460,3890869,7.190000057220459,7.289999961853027,false
426,studiopress.com/,74450,20533667,7.179999828338623,7.039999961853027,false
427,admin.ch/,74194,3301805,7.289999961853027,8.760000228881836,false
428,virginia.edu/,74165,28178011,7.119999885559082,7.679999828338623,false
355,booking.com/,87177,15874995,7.590000152587891,7.099999904632568,false
430,mlb.com/,73800,4187518,7.309999942779541,7.480000019073486,false
431,omniture.com/,73710,49457861,7.920000076293945,7.820000171661377,false
432,simplemachines.org/,73607,51813780,7.110000133514404,6.949999809265137,false
433,dell.com/,73471,5891622,7.349999904632568,7.46999979019165,false
434,accuweather.com/,73451,10750170,7.25,7.510000228881836,false
435,princeton.edu/,73380,1124693,7.159999847412109,8.760000228881836,false
436,fotki.com/,73353,2186798,6.210000038146973,6.360000133514404,false
438,chron.com/,73156,2031849,7.010000228881836,7.420000076293945,false
437,comcast.net/,73315,1393060,7.03000020980835,7.360000133514404,false
439,nyu.edu/,73026,2188456,7.099999904632568,7.559999942779541,false
440,wp.com/,72887,13627661,7.010000228881836,6.929999828338623,false
441,merriam-webster.com/,72485,1147963,6.889999866485596,7.309999942779541,false
442,nba.com/,72468,4883300,7.099999904632568,7.289999961853027,false
443,shop-pro.jp/,72301,10515558,7.409999847412109,6.760000228881836,false
444,lulu.com/,72013,3545314,7.070000171661377,7.239999771118164,false
351,g.co/,87761,2455564,7.599999904632568,7.630000114440918,false
350,businesswire.com/,87865,4220448,7.599999904632568,7.769999980926514,false
447,buzzfeed.com/,71652,3401132,7.170000076293945,7.289999961853027,false
448,tuttocitta.it/,71171,171880,7.230000019073486,5.949999809265137,false
449,ox.ac.uk/,71128,1594679,7.21999979019165,8.760000228881836,false
335,flavors.me/,91102,12840331,6.889999866485596,6.829999923706055,false
451,army.mil/,70609,2204429,7.230000019073486,8.789999961853027,false
452,csmonitor.com/,70583,1576616,7.010000228881836,7.510000228881836,false
331,infoseek.co.jp/,91640,3266120,7.179999828338623,6.769999980926514,false
454,tamu.edu/,70551,1496677,7.03000020980835,7.659999847412109,false
455,rediff.com/,70521,2349114,6.619999885559082,6.909999847412109,false
456,toplist.cz/,70328,13723609,7.360000133514404,6.489999771118164,false
457,yellowpages.com/,70280,1750033,6.989999771118164,7.050000190734863,false
458,va.gov/,70241,1425897,7.210000038146973,8.789999961853027,false
459,tiny.cc/,70088,1091205,6.800000190734863,7.139999866485596,false
460,netlog.com/,69931,1473280,6.409999847412109,6.389999866485596,false
461,elpais.com/,69900,4933020,6.869999885559082,7.039999961853027,false
462,oakley.com/,69851,4684156,6.829999923706055,6.610000133514404,false
463,multiply.com/,69795,2937465,6.539999961853027,6.630000114440918,false
464,tmall.com/,69784,12808623,7.420000076293945,6.550000190734863,false
465,hostgator.com/,69698,3276002,7.400000095367432,7.260000228881836,false
466,nymag.com/,69659,5032595,7.070000171661377,7.230000019073486,false
468,blogtalkradio.com/,69477,4918068,6.96999979019165,7.190000057220459,false
467,fema.gov/,69584,2328620,7.190000057220459,7.860000133514404,false
469,china.com.cn/,69382,9760199,7.349999904632568,6.610000133514404,false
470,unblog.fr/,69318,2072601,6.409999847412109,6.389999866485596,false
471,fastcompany.com/,69233,1586455,7.429999828338623,7.510000228881836,false
472,earthlink.net/,69188,1260890,7.0,7.340000152587891,false
473,vinaora.com/,69121,6187308,7.039999961853027,6.760000228881836,false
474,msu.edu/,69042,1734658,7.039999961853027,7.650000095367432,false
475,aboutads.info/,68850,1179477,7.949999809265137,7.78000020980835,false
476,ucsd.edu/,68810,954991,7.050000190734863,7.579999923706055,false
477,sogou.com/,68748,10677228,7.199999809265137,6.28000020980835,false
478,seattletimes.com/,68551,5842342,6.75,7.170000076293945,false
479,dyndns.org/,68355,1419780,6.869999885559082,7.0,false
480,123-reg.co.uk/,68278,2515484,7.630000114440918,6.920000076293945,false
481,sbwire.com/,68221,2063545,6.300000190734863,6.489999771118164,false
482,tinypic.com/,68109,2035825,6.920000076293945,6.860000133514404,false
325,bloglines.com/,93699,9226874,7.230000019073486,7.440000057220459,false
483,acquirethisname.com/,68056,1560989,7.679999828338623,7.539999961853027,false
484,shutterfly.com/,68042,2033781,6.989999771118164,7.25,false
320,hexun.com/,94683,6204161,7.420000076293945,6.570000171661377,false
486,pen.io/,67937,7068852,6.0,6.25,false
487,arizona.edu/,67879,1653822,7.0,7.599999904632568,false
488,woothemes.com/,67848,5051680,7.210000038146973,7.019999980926514,false
489,scientificamerican.com/,67761,1445845,6.949999809265137,8.75,false
315,marriott.com/,96959,2995205,7.570000171661377,7.860000133514404,false
492,cam.ac.uk/,67595,2139868,7.179999828338623,8.760000228881836,false
493,unc.edu/,67506,1621246,7.110000133514404,7.71999979019165,false
494,arstechnica.com/,67497,3142317,7.190000057220459,7.409999847412109,false
313,utexas.edu/,97248,2108552,7.289999961853027,7.78000020980835,false
312,elegantthemes.com/,97284,5728157,7.349999904632568,7.159999847412109,false
311,abc.net.au/,97515,4058671,7.230000019073486,7.489999771118164,false
498,nsw.gov.au/,67328,3407434,7.239999771118164,7.699999809265137,false
309,columbia.edu/,98475,2930472,7.380000114440918,8.779999732971191,false
306,com.com/,98960,3030328,7.349999904632568,7.400000095367432,false
500,pcworld.com/,66961,1708467,7.230000019073486,7.409999847412109,false
499,ihg.com/,67099,2190620,7.010000228881836,7.260000228881836,false
497,bloglovin.com/,67342,12677565,6.690000057220459,6.389999866485596,false
496,illinois.edu/,67359,1857885,6.880000114440918,8.75,false
495,hao123.com/,67432,6632980,7.25,6.179999828338623,false
491,spotify.com/,67602,5810044,7.21999979019165,7.119999885559082,false
490,themeforest.net/,67728,5910754,7.230000019073486,6.96999979019165,false
485,walmart.com/,67991,3292387,7.199999809265137,7.409999847412109,false
453,bravesites.com/,70558,1989800,6.199999809265137,6.329999923706055,false
450,mapy.cz/,71034,1647088,7.429999828338623,6.670000076293945,false
446,indiegogo.com/,71739,1262019,7.21999979019165,7.289999961853027,false
445,furl.net/,72010,11778513,6.78000020980835,6.800000190734863,false
429,printfriendly.com/,73877,8147568,6.429999828338623,6.579999923706055,false
425,mayoclinic.com/,74771,1614631,7.079999923706055,8.75,false
419,webeden.co.uk/,75251,3092559,6.369999885559082,6.550000190734863,false
414,symantec.com/,76173,3939849,7.559999942779541,7.829999923706055,false
409,zimbio.com/,76942,3378751,6.559999942779541,6.690000057220459,false
405,cyberchimps.com/,77445,3555685,7.260000228881836,7.039999961853027,false
